                                                           e     Plant Set:Array    e.1    Plant.1 Set:Array.1 e.2    Plant.2 Set:Array.2
gamma.array = 0, gamma.plant = 0.000316227766016838    10.262     0.051    -0.056  9.924      0.061       0.063  10      0.003         0.0
gamma.array = 0, gamma.plant = 0.001                   10.283     0.064    -0.022  9.861      0.163       0.124  10      0.010         0.0
gamma.array = 0, gamma.plant = 0.00316227766016838     10.158     0.040    -0.001  9.705      0.161       0.173  10      0.032         0.0
gamma.array = 0, gamma.plant = 0.01                    10.164     0.159    -0.032  9.796      0.210       0.086  10      0.100         0.0
gamma.array = 0, gamma.plant = 0.0316227766016838      10.232     0.367     0.014  9.915      0.431       0.094  10      0.316         0.0
gamma.array = 0, gamma.plant = 0.1                     10.254     1.043     0.027  9.814      1.202       0.144  10      1.000         0.0
gamma.array = 0, gamma.plant = 0.316227766016838       10.514     2.973    -0.092  9.936      3.251       0.001  10      3.162         0.0
gamma.array = 0, gamma.plant = 1                       10.800     9.578    -0.096  9.979     10.071       0.017  10     10.000         0.0
gamma.array = 0, gamma.plant = 10                      10.413   100.279    -0.169 10.097    100.542      -0.093  10    100.000         0.0
gamma.array = 0, gamma.plant = 100                      9.918  1003.835     0.074  9.915   1005.031       0.075  10   1000.000         0.0
gamma.array = 0, gamma.plant = 1000                     9.931  9998.750     0.044  9.931  10010.710       0.044  10  10000.000         0.0
gamma.array = 0, gamma.plant = 10000                   10.117 99491.888    -0.081 10.117  98486.956      -0.081  10 100000.000         0.0
gamma.array = 0, gamma.plant = 1e-04                   10.187    -0.016     0.035  9.805      0.098       0.179  10      0.001         0.0
gamma.array = 0, gamma.plant = 3.16227766016838        11.141    30.934    -0.353 10.219     31.865      -0.131  10     31.623         0.0
gamma.array = 0, gamma.plant = 31.6227766016838        10.040   317.021    -0.012 10.028    318.091      -0.017  10    316.228         0.0
gamma.array = 0, gamma.plant = 316.227766016838         9.973  3177.106     0.018  9.973   3183.012       0.018  10   3162.278         0.0
gamma.array = 0, gamma.plant = 3162.27766016838        10.041 31755.450    -0.024 10.041  31780.629      -0.024  10  31622.777         0.0
gamma.array = 0.25, gamma.plant = 0.000316227766016838 10.422     0.075     2.349  9.901      0.058       2.661  10      0.003         2.5
gamma.array = 0.25, gamma.plant = 0.001                10.384     0.089     2.359  9.785      0.152       2.648  10      0.010         2.5
gamma.array = 0.25, gamma.plant = 0.00316227766016838  10.366     0.124     2.368  9.866      0.121       2.646  10      0.032         2.5
gamma.array = 0.25, gamma.plant = 0.01                 10.479     0.119     2.331  9.940      0.190       2.586  10      0.100         2.5
gamma.array = 0.25, gamma.plant = 0.0316227766016838   10.387     0.339     2.405  9.802      0.380       2.736  10      0.316         2.5
gamma.array = 0.25, gamma.plant = 0.1                  10.535     0.954     2.399  9.809      1.144       2.770  10      1.000         2.5
gamma.array = 0.25, gamma.plant = 0.316227766016838    10.606     3.035     2.349  9.898      3.231       2.576  10      3.162         2.5
gamma.array = 0.25, gamma.plant = 1                    10.890     9.810     2.290  9.941     10.292       2.550  10     10.000         2.5
gamma.array = 0.25, gamma.plant = 10                   10.439    99.869     2.447 10.161    100.284       2.406  10    100.000         2.5
gamma.array = 0.25, gamma.plant = 100                  10.053   995.472     2.422 10.052   1000.743       2.420  10   1000.000         2.5
gamma.array = 0.25, gamma.plant = 1000                  9.959 10016.288     2.557  9.959  10004.802       2.556  10  10000.000         2.5
gamma.array = 0.25, gamma.plant = 10000                 9.968 99447.610     2.506  9.968  99534.862       2.506  10 100000.000         2.5
gamma.array = 0.25, gamma.plant = 1e-04                10.318     0.142     2.434  9.791      0.210       2.670  10      0.001         2.5
gamma.array = 0.25, gamma.plant = 3.16227766016838     10.980    31.250     2.295  9.980     31.844       2.460  10     31.623         2.5
gamma.array = 0.25, gamma.plant = 31.6227766016838     10.052   314.574     2.604 10.010    312.979       2.582  10    316.228         2.5
gamma.array = 0.25, gamma.plant = 316.227766016838      9.882  3163.336     2.482  9.882   3170.157       2.482  10   3162.278         2.5
gamma.array = 0.25, gamma.plant = 3162.27766016838     10.022 31704.803     2.464 10.022  31871.911       2.464  10  31622.777         2.5
gamma.array = 1, gamma.plant = 0.000316227766016838    10.860     0.029     9.294  9.921      0.081       9.885  10      0.003        10.0
gamma.array = 1, gamma.plant = 0.001                   10.775     0.043     9.697  9.837      0.096      10.309  10      0.010        10.0
gamma.array = 1, gamma.plant = 0.00316227766016838     10.809     0.057     9.428  9.844      0.127      10.030  10      0.032        10.0
gamma.array = 1, gamma.plant = 0.01                    10.906     0.059     9.444  9.931      0.164      10.009  10      0.100        10.0
gamma.array = 1, gamma.plant = 0.0316227766016838      10.793     0.315     9.550  9.746      0.427      10.249  10      0.316        10.0
gamma.array = 1, gamma.plant = 0.1                     10.770     1.005     9.500  9.855      1.075       9.996  10      1.000        10.0
gamma.array = 1, gamma.plant = 0.316227766016838       10.938     3.141     9.536  9.896      3.277      10.024  10      3.162        10.0
gamma.array = 1, gamma.plant = 1                       11.256     9.938     9.497 10.033     10.103      10.000  10     10.000        10.0
gamma.array = 1, gamma.plant = 10                      10.262    99.324    10.420  9.930     99.683      10.006  10    100.000        10.0
gamma.array = 1, gamma.plant = 100                      9.998  1010.593     9.852  9.996   1007.659       9.832  10   1000.000        10.0
gamma.array = 1, gamma.plant = 1000                    10.034 10104.509     9.926 10.034  10153.028       9.925  10  10000.000        10.0
gamma.array = 1, gamma.plant = 10000                    9.958 99362.424     9.807  9.958 100084.336       9.807  10 100000.000        10.0
gamma.array = 1, gamma.plant = 1e-04                   10.773     0.019     9.586  9.787      0.102      10.253  10      0.001        10.0
gamma.array = 1, gamma.plant = 3.16227766016838        10.997    30.806    10.195  9.983     31.644      10.106  10     31.623        10.0
gamma.array = 1, gamma.plant = 31.6227766016838         9.990   316.573     9.968  9.961    316.581       9.832  10    316.228        10.0
gamma.array = 1, gamma.plant = 316.227766016838        10.063  3169.867    10.045 10.063   3156.955      10.046  10   3162.278        10.0
gamma.array = 1, gamma.plant = 3162.27766016838        10.054 31217.389     9.771 10.054  31099.060       9.771  10  31622.777        10.0
gamma.array = 100, gamma.plant = 0.000316227766016838   9.966     0.031  1003.447  9.968      0.028    1003.748  10      0.003      1000.0
gamma.array = 100, gamma.plant = 0.001                 10.005     0.000   999.487 10.004      0.000    1005.298  10      0.010      1000.0
gamma.array = 100, gamma.plant = 0.00316227766016838   10.053    -0.010  1002.024 10.052     -0.011    1010.924  10      0.032      1000.0
gamma.array = 100, gamma.plant = 0.01                  10.058     0.093   997.839 10.056      0.093     996.849  10      0.100      1000.0
gamma.array = 100, gamma.plant = 0.0316227766016838     9.935     0.377  1003.638  9.932      0.377    1013.996  10      0.316      1000.0
gamma.array = 100, gamma.plant = 0.1                   10.100     0.943  1005.436 10.095      0.945     999.146  10      1.000      1000.0
gamma.array = 100, gamma.plant = 0.316227766016838      9.892     3.206   999.774  9.883      3.213    1004.135  10      3.162      1000.0
gamma.array = 100, gamma.plant = 1                     10.118    10.062   995.170 10.118     10.010     989.371  10     10.000      1000.0
gamma.array = 100, gamma.plant = 10                     9.958   108.128   993.917  9.953    102.135     995.311  10    100.000      1000.0
gamma.array = 100, gamma.plant = 100                   10.089  1024.585  1006.916 10.084   1000.500     997.436  10   1000.000      1000.0
gamma.array = 100, gamma.plant = 1000                  10.067  9968.532  1043.300 10.066  10040.506    1009.947  10  10000.000      1000.0
gamma.array = 100, gamma.plant = 10000                 10.035 99745.948  1002.215 10.035  99136.342    1001.406  10 100000.000      1000.0
gamma.array = 100, gamma.plant = 1e-04                  9.980     0.050   995.538  9.980      0.049     997.352  10      0.001      1000.0
gamma.array = 100, gamma.plant = 3.16227766016838       9.903    32.465  1003.102  9.892     31.416     999.725  10     31.623      1000.0
gamma.array = 100, gamma.plant = 31.6227766016838       9.912   330.610   993.592  9.908    310.863     997.021  10    316.228      1000.0
gamma.array = 100, gamma.plant = 316.227766016838      10.110  3088.006  1047.505 10.109   3115.237    1004.093  10   3162.278      1000.0
gamma.array = 100, gamma.plant = 3162.27766016838      10.170 31448.318  1007.327 10.170  31351.915     998.383  10  31622.777      1000.0
gamma.array = 4, gamma.plant = 0.000316227766016838    10.874    -0.072    39.753 10.044     -0.002      40.741  10      0.003        40.0
gamma.array = 4, gamma.plant = 0.001                   10.884    -0.061    39.105 10.001      0.009      39.791  10      0.010        40.0
gamma.array = 4, gamma.plant = 0.00316227766016838     10.817    -0.017    39.347  9.989      0.021      40.431  10      0.032        40.0
gamma.array = 4, gamma.plant = 0.01                    10.770     0.129    39.153  9.914      0.146      40.047  10      0.100        40.0
gamma.array = 4, gamma.plant = 0.0316227766016838      10.912     0.190    39.588 10.098      0.249      40.085  10      0.316        40.0
gamma.array = 4, gamma.plant = 0.1                     10.811     1.107    39.141  9.959      0.985      40.285  10      1.000        40.0
gamma.array = 4, gamma.plant = 0.316227766016838       10.656     3.674    39.400  9.864      3.299      40.387  10      3.162        40.0
gamma.array = 4, gamma.plant = 1                       10.824    10.337    39.432 10.037      9.879      39.913  10     10.000        40.0
gamma.array = 4, gamma.plant = 10                      10.200   100.356    41.167 10.011    100.583      39.654  10    100.000        40.0
gamma.array = 4, gamma.plant = 100                      9.970  1000.056    41.014  9.973   1002.358      40.322  10   1000.000        40.0
gamma.array = 4, gamma.plant = 1000                    10.003  9982.084    39.941 10.003  10041.569      39.946  10  10000.000        40.0
gamma.array = 4, gamma.plant = 10000                    9.932 99378.567    38.973  9.932 100161.150      38.973  10 100000.000        40.0
gamma.array = 4, gamma.plant = 1e-04                   10.903    -0.116    39.189  9.962      0.043      39.966  10      0.001        40.0
gamma.array = 4, gamma.plant = 3.16227766016838        10.644    32.463    40.151 10.099     31.525      39.950  10     31.623        40.0
gamma.array = 4, gamma.plant = 31.6227766016838         9.987   315.462    42.042  9.936    319.159      40.007  10    316.228        40.0
gamma.array = 4, gamma.plant = 316.227766016838        10.084  3179.826    39.981 10.084   3199.028      39.943  10   3162.278        40.0
gamma.array = 4, gamma.plant = 3162.27766016838         9.854 31846.243    39.661  9.854  31765.205      39.660  10  31622.777        40.0



                                                           e Plant Set:Array   e.1 Plant.1 Set:Array.1   e.2 Plant.2 Set:Array.2
gamma.array = 0, gamma.plant = 0.000316227766016838     9846  9846      9846  9846    9846        9846  9846    9846        9846
gamma.array = 0, gamma.plant = 0.001                    9855  9855      9855  9855    9855        9855  9855    9855        9855
gamma.array = 0, gamma.plant = 0.00316227766016838      9848  9848      9848  9848    9848        9848  9848    9848        9848
gamma.array = 0, gamma.plant = 0.01                     9845  9845      9845  9845    9845        9845  9845    9845        9845
gamma.array = 0, gamma.plant = 0.0316227766016838       9855  9855      9855  9855    9855        9855  9855    9855        9855
gamma.array = 0, gamma.plant = 0.1                      9862  9862      9862  9862    9862        9862  9862    9862        9862
gamma.array = 0, gamma.plant = 0.316227766016838        9881  9881      9881  9881    9881        9881  9881    9881        9881
gamma.array = 0, gamma.plant = 1                        9939  9939      9939  9939    9939        9939  9939    9939        9939
gamma.array = 0, gamma.plant = 10                       9999  9999      9999  9999    9999        9999  9999    9999        9999
gamma.array = 0, gamma.plant = 100                     10000 10000     10000 10000   10000       10000 10000   10000       10000
gamma.array = 0, gamma.plant = 1000                    10000 10000     10000 10000   10000       10000 10000   10000       10000
gamma.array = 0, gamma.plant = 10000                   10000 10000     10000 10000   10000       10000 10000   10000       10000
gamma.array = 0, gamma.plant = 1e-04                    9844  9844      9844  9844    9844        9844  9844    9844        9844
gamma.array = 0, gamma.plant = 3.16227766016838         9983  9983      9983  9983    9983        9983  9983    9983        9983
gamma.array = 0, gamma.plant = 31.6227766016838        10000 10000     10000 10000   10000       10000 10000   10000       10000
gamma.array = 0, gamma.plant = 316.227766016838        10000 10000     10000 10000   10000       10000 10000   10000       10000
gamma.array = 0, gamma.plant = 3162.27766016838         9999  9999      9999  9999    9999        9999  9999    9999        9999
gamma.array = 0.25, gamma.plant = 0.000316227766016838  9867  9867      9867  9867    9867        9867  9867    9867        9867
gamma.array = 0.25, gamma.plant = 0.001                 9857  9857      9857  9857    9857        9857  9857    9857        9857
gamma.array = 0.25, gamma.plant = 0.00316227766016838   9828  9828      9828  9828    9828        9828  9828    9828        9828
gamma.array = 0.25, gamma.plant = 0.01                  9836  9836      9836  9836    9836        9836  9836    9836        9836
gamma.array = 0.25, gamma.plant = 0.0316227766016838    9868  9868      9868  9868    9868        9868  9868    9868        9868
gamma.array = 0.25, gamma.plant = 0.1                   9877  9877      9877  9877    9877        9877  9877    9877        9877
gamma.array = 0.25, gamma.plant = 0.316227766016838     9913  9913      9913  9913    9913        9913  9913    9913        9913
gamma.array = 0.25, gamma.plant = 1                     9964  9964      9964  9964    9964        9964  9964    9964        9964
gamma.array = 0.25, gamma.plant = 10                   10000 10000     10000 10000   10000       10000 10000   10000       10000
gamma.array = 0.25, gamma.plant = 100                  10000 10000     10000 10000   10000       10000 10000   10000       10000
gamma.array = 0.25, gamma.plant = 1000                 10000 10000     10000 10000   10000       10000 10000   10000       10000
gamma.array = 0.25, gamma.plant = 10000                10000 10000     10000 10000   10000       10000 10000   10000       10000
gamma.array = 0.25, gamma.plant = 1e-04                 9851  9851      9851  9851    9851        9851  9851    9851        9851
gamma.array = 0.25, gamma.plant = 3.16227766016838      9991  9991      9991  9991    9991        9991  9991    9991        9991
gamma.array = 0.25, gamma.plant = 31.6227766016838     10000 10000     10000 10000   10000       10000 10000   10000       10000
gamma.array = 0.25, gamma.plant = 316.227766016838     10000 10000     10000 10000   10000       10000 10000   10000       10000
gamma.array = 0.25, gamma.plant = 3162.27766016838     10000 10000     10000 10000   10000       10000 10000   10000       10000
gamma.array = 1, gamma.plant = 0.000316227766016838     9916  9916      9916  9916    9916        9916  9916    9916        9916
gamma.array = 1, gamma.plant = 0.001                    9929  9929      9929  9929    9929        9929  9929    9929        9929
gamma.array = 1, gamma.plant = 0.00316227766016838      9906  9906      9906  9906    9906        9906  9906    9906        9906
gamma.array = 1, gamma.plant = 0.01                     9902  9902      9902  9902    9902        9902  9902    9902        9902
gamma.array = 1, gamma.plant = 0.0316227766016838       9934  9934      9934  9934    9934        9934  9934    9934        9934
gamma.array = 1, gamma.plant = 0.1                      9935  9935      9935  9935    9935        9935  9935    9935        9935
gamma.array = 1, gamma.plant = 0.316227766016838        9942  9942      9942  9942    9942        9942  9942    9942        9942
gamma.array = 1, gamma.plant = 1                        9972  9972      9972  9972    9972        9972  9972    9972        9972
gamma.array = 1, gamma.plant = 10                       9998  9998      9998  9998    9998        9998  9998    9998        9998
gamma.array = 1, gamma.plant = 100                     10000 10000     10000 10000   10000       10000 10000   10000       10000
gamma.array = 1, gamma.plant = 1000                    10000 10000     10000 10000   10000       10000 10000   10000       10000
gamma.array = 1, gamma.plant = 10000                   10000 10000     10000 10000   10000       10000 10000   10000       10000
gamma.array = 1, gamma.plant = 1e-04                    9915  9915      9915  9915    9915        9915  9915    9915        9915
gamma.array = 1, gamma.plant = 3.16227766016838         9992  9992      9992  9992    9992        9992  9992    9992        9992
gamma.array = 1, gamma.plant = 31.6227766016838        10000 10000     10000 10000   10000       10000 10000   10000       10000
gamma.array = 1, gamma.plant = 316.227766016838        10000 10000     10000 10000   10000       10000 10000   10000       10000
gamma.array = 1, gamma.plant = 3162.27766016838        10000 10000     10000 10000   10000       10000 10000   10000       10000
gamma.array = 100, gamma.plant = 0.000316227766016838  10000 10000     10000 10000   10000       10000 10000   10000       10000
gamma.array = 100, gamma.plant = 0.001                 10000 10000     10000 10000   10000       10000 10000   10000       10000
gamma.array = 100, gamma.plant = 0.00316227766016838   10000 10000     10000 10000   10000       10000 10000   10000       10000
gamma.array = 100, gamma.plant = 0.01                  10000 10000     10000 10000   10000       10000 10000   10000       10000
gamma.array = 100, gamma.plant = 0.0316227766016838    10000 10000     10000 10000   10000       10000 10000   10000       10000
gamma.array = 100, gamma.plant = 0.1                   10000 10000     10000 10000   10000       10000 10000   10000       10000
gamma.array = 100, gamma.plant = 0.316227766016838     10000 10000     10000 10000   10000       10000 10000   10000       10000
gamma.array = 100, gamma.plant = 1                     10000 10000     10000 10000   10000       10000 10000   10000       10000
gamma.array = 100, gamma.plant = 10                     9999  9999      9999  9999    9999        9999  9999    9999        9999
gamma.array = 100, gamma.plant = 100                   10000 10000     10000 10000   10000       10000 10000   10000       10000
gamma.array = 100, gamma.plant = 1000                  10000 10000     10000 10000   10000       10000 10000   10000       10000
gamma.array = 100, gamma.plant = 10000                 10000 10000     10000 10000   10000       10000 10000   10000       10000
gamma.array = 100, gamma.plant = 1e-04                 10000 10000     10000 10000   10000       10000 10000   10000       10000
gamma.array = 100, gamma.plant = 3.16227766016838      10000 10000     10000 10000   10000       10000 10000   10000       10000
gamma.array = 100, gamma.plant = 31.6227766016838      10000 10000     10000 10000   10000       10000 10000   10000       10000
gamma.array = 100, gamma.plant = 316.227766016838      10000 10000     10000 10000   10000       10000 10000   10000       10000
gamma.array = 100, gamma.plant = 3162.27766016838      10000 10000     10000 10000   10000       10000 10000   10000       10000
gamma.array = 4, gamma.plant = 0.000316227766016838     9988  9988      9988  9988    9988        9988  9988    9988        9988
gamma.array = 4, gamma.plant = 0.001                    9986  9986      9986  9986    9986        9986  9986    9986        9986
gamma.array = 4, gamma.plant = 0.00316227766016838      9988  9988      9988  9988    9988        9988  9988    9988        9988
gamma.array = 4, gamma.plant = 0.01                     9991  9991      9991  9991    9991        9991  9991    9991        9991
gamma.array = 4, gamma.plant = 0.0316227766016838       9988  9988      9988  9988    9988        9988  9988    9988        9988
gamma.array = 4, gamma.plant = 0.1                      9991  9991      9991  9991    9991        9991  9991    9991        9991
gamma.array = 4, gamma.plant = 0.316227766016838        9996  9996      9996  9996    9996        9996  9996    9996        9996
gamma.array = 4, gamma.plant = 1                        9997  9997      9997  9997    9997        9997  9997    9997        9997
gamma.array = 4, gamma.plant = 10                       9999  9999      9999  9999    9999        9999  9999    9999        9999
gamma.array = 4, gamma.plant = 100                     10000 10000     10000 10000   10000       10000 10000   10000       10000
gamma.array = 4, gamma.plant = 1000                    10000 10000     10000 10000   10000       10000 10000   10000       10000
gamma.array = 4, gamma.plant = 10000                   10000 10000     10000 10000   10000       10000 10000   10000       10000
gamma.array = 4, gamma.plant = 1e-04                    9986  9986      9986  9986    9986        9986  9986    9986        9986
gamma.array = 4, gamma.plant = 3.16227766016838         9997  9997      9997  9997    9997        9997  9997    9997        9997
gamma.array = 4, gamma.plant = 31.6227766016838        10000 10000     10000 10000   10000       10000 10000   10000       10000
gamma.array = 4, gamma.plant = 316.227766016838        10000 10000     10000 10000   10000       10000 10000   10000       10000
gamma.array = 4, gamma.plant = 3162.27766016838        10000 10000     10000 10000   10000       10000 10000   10000       10000

                                                            e      Plant Set:Array    e.1    Plant.1 Set:Array.1 e.2    Plant.2 Set:Array.2
gamma.array = 0, gamma.plant = 0.000316227766016838    10.323      0.025    -0.071  9.905      0.114       0.122  10      0.003         0.0
gamma.array = 0, gamma.plant = 0.001                   10.330      0.049    -0.018  9.928      0.129       0.121  10      0.010         0.0
gamma.array = 0, gamma.plant = 0.00316227766016838     10.351      0.051    -0.081  9.917      0.178       0.066  10      0.032         0.0
gamma.array = 0, gamma.plant = 0.01                    10.343      0.161    -0.099  9.899      0.270       0.072  10      0.100         0.0
gamma.array = 0, gamma.plant = 0.0316227766016838      10.388      0.332    -0.044  9.951      0.436       0.120  10      0.316         0.0
gamma.array = 0, gamma.plant = 0.1                     10.374      1.037    -0.071  9.932      1.132       0.051  10      1.000         0.0
gamma.array = 0, gamma.plant = 0.316227766016838       10.363      3.111     0.007  9.885      3.280       0.050  10      3.162         0.0
gamma.array = 0, gamma.plant = 1                       10.690      9.581    -0.117  9.923      9.986      -0.030  10     10.000         0.0
gamma.array = 0, gamma.plant = 10                      10.261     99.645    -0.007  9.964    100.584       0.079  10    100.000         0.0
gamma.array = 0, gamma.plant = 100                     10.094    996.985    -0.039 10.093   1004.984      -0.040  10   1000.000         0.0
gamma.array = 0, gamma.plant = 1000                    10.033   9957.495    -0.015 10.033   9963.379      -0.015  10  10000.000         0.0
gamma.array = 0, gamma.plant = 10000                   10.012  98872.095     0.018 10.012  98584.915       0.018  10 100000.000         0.0
gamma.array = 0, gamma.plant = 1e-04                   10.262     -0.040    -0.005  9.745      0.107       0.192  10      0.001         0.0
gamma.array = 0, gamma.plant = 3.16227766016838        10.914     30.858    -0.288 10.044     31.631      -0.081  10     31.623         0.0
gamma.array = 0, gamma.plant = 31.6227766016838        10.039    313.644    -0.017  9.997    312.897       0.002  10    316.228         0.0
gamma.array = 0, gamma.plant = 316.227766016838        10.091   3130.401    -0.088 10.091   3119.904      -0.088  10   3162.278         0.0
gamma.array = 0, gamma.plant = 3162.27766016838         9.955  31809.579    -0.038  9.955  32063.290      -0.038  10  31622.777         0.0
gamma.array = 0.25, gamma.plant = 0.000316227766016838 10.385      0.052     2.392  9.868      0.107       2.654  10      0.003         2.5
gamma.array = 0.25, gamma.plant = 0.001                10.499      0.101     2.247  9.898      0.164       2.547  10      0.010         2.5
gamma.array = 0.25, gamma.plant = 0.00316227766016838  10.339      0.147     2.273  9.821      0.194       2.536  10      0.032         2.5
gamma.array = 0.25, gamma.plant = 0.01                 10.378      0.204     2.342  9.906      0.172       2.569  10      0.100         2.5
gamma.array = 0.25, gamma.plant = 0.0316227766016838   10.466      0.383     2.353  9.957      0.409       2.560  10      0.316         2.5
gamma.array = 0.25, gamma.plant = 0.1                  10.498      1.029     2.312  9.828      1.180       2.602  10      1.000         2.5
gamma.array = 0.25, gamma.plant = 0.316227766016838    10.568      3.134     2.339  9.840      3.291       2.564  10      3.162         2.5
gamma.array = 0.25, gamma.plant = 1                    10.923      9.600     2.308  9.914     10.074       2.507  10     10.000         2.5
gamma.array = 0.25, gamma.plant = 10                   10.410     99.233     2.422 10.124    100.597       2.395  10    100.000         2.5
gamma.array = 0.25, gamma.plant = 100                   9.956    990.069     2.502  9.935    985.521       2.507  10   1000.000         2.5
gamma.array = 0.25, gamma.plant = 1000                 10.018  10137.066     2.429 10.018  10135.872       2.428  10  10000.000         2.5
gamma.array = 0.25, gamma.plant = 10000                 9.983 100146.552     2.495  9.983 100840.466       2.495  10 100000.000         2.5
gamma.array = 0.25, gamma.plant = 1e-04                10.356      0.052     2.373  9.818      0.105       2.612  10      0.001         2.5
gamma.array = 0.25, gamma.plant = 3.16227766016838     10.968     30.734     2.389 10.045     31.826       2.447  10     31.623         2.5
gamma.array = 0.25, gamma.plant = 31.6227766016838     10.135    315.589     2.435 10.089    318.990       2.442  10    316.228         2.5
gamma.array = 0.25, gamma.plant = 316.227766016838     10.088   3159.808     2.484 10.088   3131.356       2.483  10   3162.278         2.5
gamma.array = 0.25, gamma.plant = 3162.27766016838      9.942  31442.991     2.499  9.942  31694.369       2.499  10  31622.777         2.5
gamma.array = 1, gamma.plant = 0.000316227766016838    10.838     -0.036     9.501  9.863      0.103      10.227  10      0.003        10.0
gamma.array = 1, gamma.plant = 0.001                   10.982     -0.019     9.392  9.914      0.124      10.056  10      0.010        10.0
gamma.array = 1, gamma.plant = 0.00316227766016838     10.814      0.061     9.462  9.888      0.151      10.134  10      0.032        10.0
gamma.array = 1, gamma.plant = 0.01                    10.662      0.271     9.400  9.724      0.349      10.103  10      0.100        10.0
gamma.array = 1, gamma.plant = 0.0316227766016838      10.996      0.205     9.363 10.009      0.290      10.016  10      0.316        10.0
gamma.array = 1, gamma.plant = 0.1                     10.842      1.078     9.645  9.850      1.211      10.193  10      1.000        10.0
gamma.array = 1, gamma.plant = 0.316227766016838       11.088      3.118     9.363 10.024      3.292       9.891  10      3.162        10.0
gamma.array = 1, gamma.plant = 1                       11.019      9.886     9.640  9.930     10.156      10.014  10     10.000        10.0
gamma.array = 1, gamma.plant = 10                      10.255     99.517    10.363  9.985    100.476       9.856  10    100.000        10.0
gamma.array = 1, gamma.plant = 100                      9.738   1000.177    10.064  9.739   1001.623      10.047  10   1000.000        10.0
gamma.array = 1, gamma.plant = 1000                    10.153   9983.451     9.839 10.153  10048.575       9.839  10  10000.000        10.0
gamma.array = 1, gamma.plant = 10000                   10.045 100304.613     9.921 10.045 100399.925       9.921  10 100000.000        10.0
gamma.array = 1, gamma.plant = 1e-04                   10.849      0.044     9.413 10.030      0.006       9.988  10      0.001        10.0
gamma.array = 1, gamma.plant = 3.16227766016838        10.723     31.528    10.159  9.927     31.881       9.915  10     31.623        10.0
gamma.array = 1, gamma.plant = 31.6227766016838        10.001    319.675    10.278  9.961    319.293      10.135  10    316.228        10.0
gamma.array = 1, gamma.plant = 316.227766016838        10.040   3151.151    10.101 10.039   3168.351      10.104  10   3162.278        10.0
gamma.array = 1, gamma.plant = 3162.27766016838        10.023  31737.624     9.974 10.023  31843.063       9.974  10  31622.777        10.0
gamma.array = 100, gamma.plant = 0.000316227766016838   9.929      0.048   998.710  9.928      0.048     989.659  10      0.003      1000.0
gamma.array = 100, gamma.plant = 0.001                  9.914      0.026   991.288  9.912      0.026     993.767  10      0.010      1000.0
gamma.array = 100, gamma.plant = 0.00316227766016838   10.056      0.000   998.059 10.053      0.000    1004.852  10      0.032      1000.0
gamma.array = 100, gamma.plant = 0.01                  10.092      0.016  1000.674 10.093      0.005    1008.445  10      0.100      1000.0
gamma.array = 100, gamma.plant = 0.0316227766016838    10.059      0.323  1005.231 10.053      0.325    1011.811  10      0.316      1000.0
gamma.array = 100, gamma.plant = 0.1                   10.068      0.898  1003.126 10.067      0.897     998.474  10      1.000      1000.0
gamma.array = 100, gamma.plant = 0.316227766016838      9.945      3.121  1001.894  9.943      3.116    1001.553  10      3.162      1000.0
gamma.array = 100, gamma.plant = 1                     10.099      9.991  1001.864 10.096      9.969     996.174  10     10.000      1000.0
gamma.array = 100, gamma.plant = 10                    10.006    106.846   990.591 10.007    100.393     991.991  10    100.000      1000.0
gamma.array = 100, gamma.plant = 100                   10.078   1027.320  1010.629 10.076    997.690     998.183  10   1000.000      1000.0
gamma.array = 100, gamma.plant = 1000                   9.957   9984.008  1024.086  9.957  10011.060     993.564  10  10000.000      1000.0
gamma.array = 100, gamma.plant = 10000                  9.911  99347.068  1013.511  9.911  98897.187    1012.733  10 100000.000      1000.0
gamma.array = 100, gamma.plant = 1e-04                 10.019     -0.004  1011.763 10.016     -0.002    1019.423  10      0.001      1000.0
gamma.array = 100, gamma.plant = 3.16227766016838       9.986     32.036   995.778  9.984     31.583     995.881  10     31.623      1000.0
gamma.array = 100, gamma.plant = 31.6227766016838       9.985    336.759  1004.818  9.980    319.522    1013.377  10    316.228      1000.0
gamma.array = 100, gamma.plant = 316.227766016838       9.943   3147.875  1050.194  9.942   3184.358    1003.903  10   3162.278      1000.0
gamma.array = 100, gamma.plant = 3162.27766016838       9.935  31615.283  1001.200  9.935  31680.152     994.630  10  31622.777      1000.0
gamma.array = 4, gamma.plant = 0.000316227766016838    10.634      0.037    39.207  9.857      0.067      39.985  10      0.003        40.0
gamma.array = 4, gamma.plant = 0.001                   10.941     -0.134    39.193 10.079     -0.062      39.770  10      0.010        40.0
gamma.array = 4, gamma.plant = 0.00316227766016838     10.814      0.010    39.140 10.036      0.068      39.676  10      0.032        40.0
gamma.array = 4, gamma.plant = 0.01                    10.759      0.125    39.348  9.966      0.153      40.154  10      0.100        40.0
gamma.array = 4, gamma.plant = 0.0316227766016838      10.995      0.295    38.988 10.068      0.324      39.792  10      0.316        40.0
gamma.array = 4, gamma.plant = 0.1                     10.879      1.155    39.334 10.038      1.053      39.688  10      1.000        40.0
gamma.array = 4, gamma.plant = 0.316227766016838       10.676      3.371    39.656  9.925      3.148      40.527  10      3.162        40.0
gamma.array = 4, gamma.plant = 1                       10.852     10.776    39.393 10.003     10.177      40.022  10     10.000        40.0
gamma.array = 4, gamma.plant = 10                      10.040     99.347    41.221  9.863     99.466      39.956  10    100.000        40.0
gamma.array = 4, gamma.plant = 100                      9.892    996.326    40.786  9.887   1003.349      40.355  10   1000.000        40.0
gamma.array = 4, gamma.plant = 1000                    10.006  10054.545    39.824 10.006  10067.229      39.824  10  10000.000        40.0
gamma.array = 4, gamma.plant = 10000                   10.144  99641.428    39.420 10.144  99763.209      39.421  10 100000.000        40.0
gamma.array = 4, gamma.plant = 1e-04                   10.760      0.013    39.569 10.032     -0.006      40.281  10      0.001        40.0
gamma.array = 4, gamma.plant = 3.16227766016838        10.616     32.343    39.961 10.012     32.109      40.322  10     31.623        40.0
gamma.array = 4, gamma.plant = 31.6227766016838        10.007    311.779    41.953  9.979    314.448      40.054  10    316.228        40.0
gamma.array = 4, gamma.plant = 316.227766016838         9.986   3144.112    39.493  9.986   3149.260      39.467  10   3162.278        40.0
gamma.array = 4, gamma.plant = 3162.27766016838        10.003  31661.592    39.982 10.003  31767.996      39.981  10  31622.777        40.0
> apply(sim8$t[,-c(1:2)], 2, function(x) tapply(x, index, length))
                                                           e Plant Set:Array   e.1 Plant.1 Set:Array.1   e.2 Plant.2 Set:Array.2
gamma.array = 0, gamma.plant = 0.000316227766016838     9854  9854      9854  9854    9854        9854  9854    9854        9854
gamma.array = 0, gamma.plant = 0.001                    9848  9848      9848  9848    9848        9848  9848    9848        9848
gamma.array = 0, gamma.plant = 0.00316227766016838      9852  9852      9852  9852    9852        9852  9852    9852        9852
gamma.array = 0, gamma.plant = 0.01                     9857  9857      9857  9857    9857        9857  9857    9857        9857
gamma.array = 0, gamma.plant = 0.0316227766016838       9842  9842      9842  9842    9842        9842  9842    9842        9842
gamma.array = 0, gamma.plant = 0.1                      9863  9863      9863  9863    9863        9863  9863    9863        9863
gamma.array = 0, gamma.plant = 0.316227766016838        9867  9867      9867  9867    9867        9867  9867    9867        9867
gamma.array = 0, gamma.plant = 1                        9944  9944      9944  9944    9944        9944  9944    9944        9944
gamma.array = 0, gamma.plant = 10                      10000 10000     10000 10000   10000       10000 10000   10000       10000
gamma.array = 0, gamma.plant = 100                     10000 10000     10000 10000   10000       10000 10000   10000       10000
gamma.array = 0, gamma.plant = 1000                    10000 10000     10000 10000   10000       10000 10000   10000       10000
gamma.array = 0, gamma.plant = 10000                   10000 10000     10000 10000   10000       10000 10000   10000       10000
gamma.array = 0, gamma.plant = 1e-04                    9840  9840      9840  9840    9840        9840  9840    9840        9840
gamma.array = 0, gamma.plant = 3.16227766016838         9983  9983      9983  9983    9983        9983  9983    9983        9983
gamma.array = 0, gamma.plant = 31.6227766016838        10000 10000     10000 10000   10000       10000 10000   10000       10000
gamma.array = 0, gamma.plant = 316.227766016838        10000 10000     10000 10000   10000       10000 10000   10000       10000
gamma.array = 0, gamma.plant = 3162.27766016838        10000 10000     10000 10000   10000       10000 10000   10000       10000
gamma.array = 0.25, gamma.plant = 0.000316227766016838  9870  9870      9870  9870    9870        9870  9870    9870        9870
gamma.array = 0.25, gamma.plant = 0.001                 9849  9849      9849  9849    9849        9849  9849    9849        9849
gamma.array = 0.25, gamma.plant = 0.00316227766016838   9833  9833      9833  9833    9833        9833  9833    9833        9833
gamma.array = 0.25, gamma.plant = 0.01                  9851  9851      9851  9851    9851        9851  9851    9851        9851
gamma.array = 0.25, gamma.plant = 0.0316227766016838    9845  9845      9845  9845    9845        9845  9845    9845        9845
gamma.array = 0.25, gamma.plant = 0.1                   9872  9872      9872  9872    9872        9872  9872    9872        9872
gamma.array = 0.25, gamma.plant = 0.316227766016838     9904  9904      9904  9904    9904        9904  9904    9904        9904
gamma.array = 0.25, gamma.plant = 1                     9960  9960      9960  9960    9960        9960  9960    9960        9960
gamma.array = 0.25, gamma.plant = 10                   10000 10000     10000 10000   10000       10000 10000   10000       10000
gamma.array = 0.25, gamma.plant = 100                  10000 10000     10000 10000   10000       10000 10000   10000       10000
gamma.array = 0.25, gamma.plant = 1000                 10000 10000     10000 10000   10000       10000 10000   10000       10000
gamma.array = 0.25, gamma.plant = 10000                10000 10000     10000 10000   10000       10000 10000   10000       10000
gamma.array = 0.25, gamma.plant = 1e-04                 9859  9859      9859  9859    9859        9859  9859    9859        9859
gamma.array = 0.25, gamma.plant = 3.16227766016838      9986  9986      9986  9986    9986        9986  9986    9986        9986
gamma.array = 0.25, gamma.plant = 31.6227766016838     10000 10000     10000 10000   10000       10000 10000   10000       10000
gamma.array = 0.25, gamma.plant = 316.227766016838     10000 10000     10000 10000   10000       10000 10000   10000       10000
gamma.array = 0.25, gamma.plant = 3162.27766016838     10000 10000     10000 10000   10000       10000 10000   10000       10000
gamma.array = 1, gamma.plant = 0.000316227766016838     9916  9916      9916  9916    9916        9916  9916    9916        9916
gamma.array = 1, gamma.plant = 0.001                    9926  9926      9926  9926    9926        9926  9926    9926        9926
gamma.array = 1, gamma.plant = 0.00316227766016838      9918  9918      9918  9918    9918        9918  9918    9918        9918
gamma.array = 1, gamma.plant = 0.01                     9941  9941      9941  9941    9941        9941  9941    9941        9941
gamma.array = 1, gamma.plant = 0.0316227766016838       9904  9904      9904  9904    9904        9904  9904    9904        9904
gamma.array = 1, gamma.plant = 0.1                      9912  9912      9912  9912    9912        9912  9912    9912        9912
gamma.array = 1, gamma.plant = 0.316227766016838        9953  9953      9953  9953    9953        9953  9953    9953        9953
gamma.array = 1, gamma.plant = 1                        9988  9988      9988  9988    9988        9988  9988    9988        9988
gamma.array = 1, gamma.plant = 10                      10000 10000     10000 10000   10000       10000 10000   10000       10000
gamma.array = 1, gamma.plant = 100                     10000 10000     10000 10000   10000       10000 10000   10000       10000
gamma.array = 1, gamma.plant = 1000                    10000 10000     10000 10000   10000       10000 10000   10000       10000
gamma.array = 1, gamma.plant = 10000                   10000 10000     10000 10000   10000       10000 10000   10000       10000
gamma.array = 1, gamma.plant = 1e-04                    9921  9921      9921  9921    9921        9921  9921    9921        9921
gamma.array = 1, gamma.plant = 3.16227766016838         9995  9995      9995  9995    9995        9995  9995    9995        9995
gamma.array = 1, gamma.plant = 31.6227766016838        10000 10000     10000 10000   10000       10000 10000   10000       10000
gamma.array = 1, gamma.plant = 316.227766016838        10000 10000     10000 10000   10000       10000 10000   10000       10000
gamma.array = 1, gamma.plant = 3162.27766016838        10000 10000     10000 10000   10000       10000 10000   10000       10000
gamma.array = 100, gamma.plant = 0.000316227766016838  10000 10000     10000 10000   10000       10000 10000   10000       10000
gamma.array = 100, gamma.plant = 0.001                 10000 10000     10000 10000   10000       10000 10000   10000       10000
gamma.array = 100, gamma.plant = 0.00316227766016838   10000 10000     10000 10000   10000       10000 10000   10000       10000
gamma.array = 100, gamma.plant = 0.01                  10000 10000     10000 10000   10000       10000 10000   10000       10000
gamma.array = 100, gamma.plant = 0.0316227766016838    10000 10000     10000 10000   10000       10000 10000   10000       10000
gamma.array = 100, gamma.plant = 0.1                   10000 10000     10000 10000   10000       10000 10000   10000       10000
gamma.array = 100, gamma.plant = 0.316227766016838     10000 10000     10000 10000   10000       10000 10000   10000       10000
gamma.array = 100, gamma.plant = 1                     10000 10000     10000 10000   10000       10000 10000   10000       10000
gamma.array = 100, gamma.plant = 10                    10000 10000     10000 10000   10000       10000 10000   10000       10000
gamma.array = 100, gamma.plant = 100                   10000 10000     10000 10000   10000       10000 10000   10000       10000
gamma.array = 100, gamma.plant = 1000                  10000 10000     10000 10000   10000       10000 10000   10000       10000
gamma.array = 100, gamma.plant = 10000                 10000 10000     10000 10000   10000       10000 10000   10000       10000
gamma.array = 100, gamma.plant = 1e-04                 10000 10000     10000 10000   10000       10000 10000   10000       10000
gamma.array = 100, gamma.plant = 3.16227766016838      10000 10000     10000 10000   10000       10000 10000   10000       10000
gamma.array = 100, gamma.plant = 31.6227766016838      10000 10000     10000 10000   10000       10000 10000   10000       10000
gamma.array = 100, gamma.plant = 316.227766016838      10000 10000     10000 10000   10000       10000 10000   10000       10000
gamma.array = 100, gamma.plant = 3162.27766016838      10000 10000     10000 10000   10000       10000 10000   10000       10000
gamma.array = 4, gamma.plant = 0.000316227766016838     9986  9986      9986  9986    9986        9986  9986    9986        9986
gamma.array = 4, gamma.plant = 0.001                    9990  9990      9990  9990    9990        9990  9990    9990        9990
gamma.array = 4, gamma.plant = 0.00316227766016838      9992  9992      9992  9992    9992        9992  9992    9992        9992
gamma.array = 4, gamma.plant = 0.01                     9991  9991      9991  9991    9991        9991  9991    9991        9991
gamma.array = 4, gamma.plant = 0.0316227766016838       9990  9990      9990  9990    9990        9990  9990    9990        9990
gamma.array = 4, gamma.plant = 0.1                      9991  9991      9991  9991    9991        9991  9991    9991        9991
gamma.array = 4, gamma.plant = 0.316227766016838        9993  9993      9993  9993    9993        9993  9993    9993        9993
gamma.array = 4, gamma.plant = 1                        9996  9996      9996  9996    9996        9996  9996    9996        9996
gamma.array = 4, gamma.plant = 10                       9999  9999      9999  9999    9999        9999  9999    9999        9999
gamma.array = 4, gamma.plant = 100                     10000 10000     10000 10000   10000       10000 10000   10000       10000
gamma.array = 4, gamma.plant = 1000                    10000 10000     10000 10000   10000       10000 10000   10000       10000
gamma.array = 4, gamma.plant = 10000                   10000 10000     10000 10000   10000       10000 10000   10000       10000
gamma.array = 4, gamma.plant = 1e-04                    9989  9989      9989  9989    9989        9989  9989    9989        9989
gamma.array = 4, gamma.plant = 3.16227766016838         9999  9999      9999  9999    9999        9999  9999    9999        9999
gamma.array = 4, gamma.plant = 31.6227766016838        10000 10000     10000 10000   10000       10000 10000   10000       10000
gamma.array = 4, gamma.plant = 316.227766016838        10000 10000     10000 10000   10000       10000 10000   10000       10000
gamma.array = 4, gamma.plant = 3162.27766016838        10000 10000     10000 10000   10000       10000 10000   10000       10000
